{
 "cells": [
  {
   "cell_type": "code",
   "execution_count": 1,
   "id": "a9a844eb-7482-4b0b-b811-1897ff0f0567",
   "metadata": {},
   "outputs": [],
   "source": [
    "import pandas as pd\n",
    "import seaborn as sns\n",
    "import numpy as np\n",
    "import matplotlib.pyplot as plt\n",
    "import warnings\n",
    "warnings.filterwarnings('ignore')"
   ]
  },
  {
   "cell_type": "code",
   "execution_count": 2,
   "id": "21d177d5-ffd0-4d65-a399-d2edd798f1f7",
   "metadata": {},
   "outputs": [
    {
     "data": {
      "text/html": [
       "<div>\n",
       "<style scoped>\n",
       "    .dataframe tbody tr th:only-of-type {\n",
       "        vertical-align: middle;\n",
       "    }\n",
       "\n",
       "    .dataframe tbody tr th {\n",
       "        vertical-align: top;\n",
       "    }\n",
       "\n",
       "    .dataframe thead th {\n",
       "        text-align: right;\n",
       "    }\n",
       "</style>\n",
       "<table border=\"1\" class=\"dataframe\">\n",
       "  <thead>\n",
       "    <tr style=\"text-align: right;\">\n",
       "      <th></th>\n",
       "      <th>age</th>\n",
       "      <th>sex</th>\n",
       "      <th>cp</th>\n",
       "      <th>trestbps</th>\n",
       "      <th>chol</th>\n",
       "      <th>fbs</th>\n",
       "      <th>restecg</th>\n",
       "      <th>thalach</th>\n",
       "      <th>exang</th>\n",
       "      <th>oldpeak</th>\n",
       "      <th>slope</th>\n",
       "      <th>ca</th>\n",
       "      <th>thal</th>\n",
       "      <th>target</th>\n",
       "    </tr>\n",
       "  </thead>\n",
       "  <tbody>\n",
       "    <tr>\n",
       "      <th>0</th>\n",
       "      <td>63</td>\n",
       "      <td>1</td>\n",
       "      <td>3</td>\n",
       "      <td>145</td>\n",
       "      <td>233</td>\n",
       "      <td>1</td>\n",
       "      <td>0</td>\n",
       "      <td>150</td>\n",
       "      <td>0</td>\n",
       "      <td>2.3</td>\n",
       "      <td>0</td>\n",
       "      <td>0</td>\n",
       "      <td>1</td>\n",
       "      <td>1</td>\n",
       "    </tr>\n",
       "    <tr>\n",
       "      <th>1</th>\n",
       "      <td>37</td>\n",
       "      <td>1</td>\n",
       "      <td>2</td>\n",
       "      <td>130</td>\n",
       "      <td>250</td>\n",
       "      <td>0</td>\n",
       "      <td>1</td>\n",
       "      <td>187</td>\n",
       "      <td>0</td>\n",
       "      <td>3.5</td>\n",
       "      <td>0</td>\n",
       "      <td>0</td>\n",
       "      <td>2</td>\n",
       "      <td>1</td>\n",
       "    </tr>\n",
       "    <tr>\n",
       "      <th>2</th>\n",
       "      <td>41</td>\n",
       "      <td>0</td>\n",
       "      <td>1</td>\n",
       "      <td>130</td>\n",
       "      <td>204</td>\n",
       "      <td>0</td>\n",
       "      <td>0</td>\n",
       "      <td>172</td>\n",
       "      <td>0</td>\n",
       "      <td>1.4</td>\n",
       "      <td>2</td>\n",
       "      <td>0</td>\n",
       "      <td>2</td>\n",
       "      <td>1</td>\n",
       "    </tr>\n",
       "    <tr>\n",
       "      <th>3</th>\n",
       "      <td>56</td>\n",
       "      <td>1</td>\n",
       "      <td>1</td>\n",
       "      <td>120</td>\n",
       "      <td>236</td>\n",
       "      <td>0</td>\n",
       "      <td>1</td>\n",
       "      <td>178</td>\n",
       "      <td>0</td>\n",
       "      <td>0.8</td>\n",
       "      <td>2</td>\n",
       "      <td>0</td>\n",
       "      <td>2</td>\n",
       "      <td>1</td>\n",
       "    </tr>\n",
       "    <tr>\n",
       "      <th>4</th>\n",
       "      <td>57</td>\n",
       "      <td>0</td>\n",
       "      <td>0</td>\n",
       "      <td>120</td>\n",
       "      <td>354</td>\n",
       "      <td>0</td>\n",
       "      <td>1</td>\n",
       "      <td>163</td>\n",
       "      <td>1</td>\n",
       "      <td>0.6</td>\n",
       "      <td>2</td>\n",
       "      <td>0</td>\n",
       "      <td>2</td>\n",
       "      <td>1</td>\n",
       "    </tr>\n",
       "  </tbody>\n",
       "</table>\n",
       "</div>"
      ],
      "text/plain": [
       "   age  sex  cp  trestbps  chol  fbs  restecg  thalach  exang  oldpeak  slope  \\\n",
       "0   63    1   3       145   233    1        0      150      0      2.3      0   \n",
       "1   37    1   2       130   250    0        1      187      0      3.5      0   \n",
       "2   41    0   1       130   204    0        0      172      0      1.4      2   \n",
       "3   56    1   1       120   236    0        1      178      0      0.8      2   \n",
       "4   57    0   0       120   354    0        1      163      1      0.6      2   \n",
       "\n",
       "   ca  thal  target  \n",
       "0   0     1       1  \n",
       "1   0     2       1  \n",
       "2   0     2       1  \n",
       "3   0     2       1  \n",
       "4   0     2       1  "
      ]
     },
     "execution_count": 2,
     "metadata": {},
     "output_type": "execute_result"
    }
   ],
   "source": [
    "## load the data set\n",
    "df=pd.read_csv('dataset.csv')\n",
    "df.head()"
   ]
  },
  {
   "cell_type": "code",
   "execution_count": 3,
   "id": "e3fb078b-01ea-47c3-958b-981ae8a8d0ad",
   "metadata": {},
   "outputs": [],
   "source": [
    "#Split the independtend and dependtent variable\n",
    "X=df.iloc[:,:-1]\n",
    "y=df.iloc[:,-1]"
   ]
  },
  {
   "cell_type": "code",
   "execution_count": 4,
   "id": "8d1a33d3-f781-4c75-97e4-bb4b0e3d5fa1",
   "metadata": {},
   "outputs": [
    {
     "data": {
      "text/plain": [
       "array([1, 0], dtype=int64)"
      ]
     },
     "execution_count": 4,
     "metadata": {},
     "output_type": "execute_result"
    }
   ],
   "source": [
    "df.target.unique()"
   ]
  },
  {
   "cell_type": "code",
   "execution_count": 5,
   "id": "21aa22d3-98ff-4e58-9f12-50859a80518f",
   "metadata": {},
   "outputs": [],
   "source": [
    "# split the train and test data set\n",
    "from sklearn.model_selection import train_test_split"
   ]
  },
  {
   "cell_type": "code",
   "execution_count": 7,
   "id": "b18ebbdb-0efa-49c4-820c-9a83fee7911f",
   "metadata": {},
   "outputs": [],
   "source": [
    "X_train, X_test, y_train, y_test = train_test_split(X, y, test_size=0.30, random_state=42)"
   ]
  },
  {
   "cell_type": "code",
   "execution_count": 8,
   "id": "f7556a52-186c-4228-8b4b-d17cbd568986",
   "metadata": {},
   "outputs": [
    {
     "name": "stdout",
     "output_type": "stream",
     "text": [
      "<class 'pandas.core.frame.DataFrame'>\n",
      "Int64Index: 212 entries, 124 to 102\n",
      "Data columns (total 13 columns):\n",
      " #   Column    Non-Null Count  Dtype  \n",
      "---  ------    --------------  -----  \n",
      " 0   age       212 non-null    int64  \n",
      " 1   sex       212 non-null    int64  \n",
      " 2   cp        212 non-null    int64  \n",
      " 3   trestbps  212 non-null    int64  \n",
      " 4   chol      212 non-null    int64  \n",
      " 5   fbs       212 non-null    int64  \n",
      " 6   restecg   212 non-null    int64  \n",
      " 7   thalach   212 non-null    int64  \n",
      " 8   exang     212 non-null    int64  \n",
      " 9   oldpeak   212 non-null    float64\n",
      " 10  slope     212 non-null    int64  \n",
      " 11  ca        212 non-null    int64  \n",
      " 12  thal      212 non-null    int64  \n",
      "dtypes: float64(1), int64(12)\n",
      "memory usage: 23.2 KB\n"
     ]
    }
   ],
   "source": [
    "X_train.info()"
   ]
  },
  {
   "cell_type": "code",
   "execution_count": 19,
   "id": "169c98f8-7bcb-4943-af06-0f48c137080e",
   "metadata": {},
   "outputs": [
    {
     "data": {
      "text/plain": [
       "age         0\n",
       "sex         0\n",
       "cp          0\n",
       "trestbps    0\n",
       "chol        0\n",
       "fbs         0\n",
       "restecg     0\n",
       "thalach     0\n",
       "exang       0\n",
       "oldpeak     0\n",
       "slope       0\n",
       "ca          0\n",
       "thal        0\n",
       "dtype: int64"
      ]
     },
     "execution_count": 19,
     "metadata": {},
     "output_type": "execute_result"
    }
   ],
   "source": [
    "X_train.isnull().sum()"
   ]
  },
  {
   "cell_type": "code",
   "execution_count": null,
   "id": "41bd0602-400b-42f2-ad71-903924a9b5b5",
   "metadata": {},
   "outputs": [],
   "source": [
    "## There is no null values in tran data set"
   ]
  },
  {
   "cell_type": "code",
   "execution_count": 9,
   "id": "97c701c8-ba6d-4383-b16b-611fe7e2e583",
   "metadata": {},
   "outputs": [
    {
     "data": {
      "text/plain": [
       "age         0\n",
       "sex         0\n",
       "cp          0\n",
       "trestbps    0\n",
       "chol        0\n",
       "fbs         0\n",
       "restecg     0\n",
       "thalach     0\n",
       "exang       0\n",
       "oldpeak     0\n",
       "slope       0\n",
       "ca          0\n",
       "thal        0\n",
       "dtype: int64"
      ]
     },
     "execution_count": 9,
     "metadata": {},
     "output_type": "execute_result"
    }
   ],
   "source": [
    "X_test.isnull().sum()"
   ]
  },
  {
   "cell_type": "code",
   "execution_count": 22,
   "id": "369d531f-40e6-4755-ba90-ad1ed24770a5",
   "metadata": {},
   "outputs": [],
   "source": [
    "## There is no null values in test data set"
   ]
  },
  {
   "cell_type": "code",
   "execution_count": 10,
   "id": "5c6faca2-b34d-4c92-ae6f-21446df47fcd",
   "metadata": {},
   "outputs": [
    {
     "data": {
      "text/html": [
       "<div>\n",
       "<style scoped>\n",
       "    .dataframe tbody tr th:only-of-type {\n",
       "        vertical-align: middle;\n",
       "    }\n",
       "\n",
       "    .dataframe tbody tr th {\n",
       "        vertical-align: top;\n",
       "    }\n",
       "\n",
       "    .dataframe thead th {\n",
       "        text-align: right;\n",
       "    }\n",
       "</style>\n",
       "<table border=\"1\" class=\"dataframe\">\n",
       "  <thead>\n",
       "    <tr style=\"text-align: right;\">\n",
       "      <th></th>\n",
       "      <th>age</th>\n",
       "      <th>sex</th>\n",
       "      <th>cp</th>\n",
       "      <th>trestbps</th>\n",
       "      <th>chol</th>\n",
       "      <th>fbs</th>\n",
       "      <th>restecg</th>\n",
       "      <th>thalach</th>\n",
       "      <th>exang</th>\n",
       "      <th>oldpeak</th>\n",
       "      <th>slope</th>\n",
       "      <th>ca</th>\n",
       "      <th>thal</th>\n",
       "    </tr>\n",
       "  </thead>\n",
       "  <tbody>\n",
       "    <tr>\n",
       "      <th>age</th>\n",
       "      <td>1.000000</td>\n",
       "      <td>-0.076955</td>\n",
       "      <td>-0.127758</td>\n",
       "      <td>0.288078</td>\n",
       "      <td>0.247557</td>\n",
       "      <td>0.121209</td>\n",
       "      <td>-0.165419</td>\n",
       "      <td>-0.404615</td>\n",
       "      <td>0.161146</td>\n",
       "      <td>0.204483</td>\n",
       "      <td>-0.151790</td>\n",
       "      <td>0.330450</td>\n",
       "      <td>0.081448</td>\n",
       "    </tr>\n",
       "    <tr>\n",
       "      <th>sex</th>\n",
       "      <td>-0.076955</td>\n",
       "      <td>1.000000</td>\n",
       "      <td>-0.057577</td>\n",
       "      <td>-0.110884</td>\n",
       "      <td>-0.212008</td>\n",
       "      <td>0.034951</td>\n",
       "      <td>-0.074695</td>\n",
       "      <td>-0.038822</td>\n",
       "      <td>0.151385</td>\n",
       "      <td>0.176680</td>\n",
       "      <td>-0.066913</td>\n",
       "      <td>0.169985</td>\n",
       "      <td>0.225652</td>\n",
       "    </tr>\n",
       "    <tr>\n",
       "      <th>cp</th>\n",
       "      <td>-0.127758</td>\n",
       "      <td>-0.057577</td>\n",
       "      <td>1.000000</td>\n",
       "      <td>0.025663</td>\n",
       "      <td>-0.072715</td>\n",
       "      <td>0.186225</td>\n",
       "      <td>-0.031449</td>\n",
       "      <td>0.317051</td>\n",
       "      <td>-0.390310</td>\n",
       "      <td>-0.165942</td>\n",
       "      <td>0.124755</td>\n",
       "      <td>-0.167850</td>\n",
       "      <td>-0.199712</td>\n",
       "    </tr>\n",
       "    <tr>\n",
       "      <th>trestbps</th>\n",
       "      <td>0.288078</td>\n",
       "      <td>-0.110884</td>\n",
       "      <td>0.025663</td>\n",
       "      <td>1.000000</td>\n",
       "      <td>0.146431</td>\n",
       "      <td>0.226035</td>\n",
       "      <td>-0.065109</td>\n",
       "      <td>-0.032537</td>\n",
       "      <td>0.071371</td>\n",
       "      <td>0.103757</td>\n",
       "      <td>-0.033806</td>\n",
       "      <td>0.058233</td>\n",
       "      <td>0.028320</td>\n",
       "    </tr>\n",
       "    <tr>\n",
       "      <th>chol</th>\n",
       "      <td>0.247557</td>\n",
       "      <td>-0.212008</td>\n",
       "      <td>-0.072715</td>\n",
       "      <td>0.146431</td>\n",
       "      <td>1.000000</td>\n",
       "      <td>0.051839</td>\n",
       "      <td>-0.118689</td>\n",
       "      <td>0.009340</td>\n",
       "      <td>0.039480</td>\n",
       "      <td>0.122876</td>\n",
       "      <td>0.014369</td>\n",
       "      <td>0.057201</td>\n",
       "      <td>0.060382</td>\n",
       "    </tr>\n",
       "    <tr>\n",
       "      <th>fbs</th>\n",
       "      <td>0.121209</td>\n",
       "      <td>0.034951</td>\n",
       "      <td>0.186225</td>\n",
       "      <td>0.226035</td>\n",
       "      <td>0.051839</td>\n",
       "      <td>1.000000</td>\n",
       "      <td>-0.098113</td>\n",
       "      <td>-0.013058</td>\n",
       "      <td>-0.020018</td>\n",
       "      <td>-0.002365</td>\n",
       "      <td>-0.074125</td>\n",
       "      <td>0.084714</td>\n",
       "      <td>-0.042658</td>\n",
       "    </tr>\n",
       "    <tr>\n",
       "      <th>restecg</th>\n",
       "      <td>-0.165419</td>\n",
       "      <td>-0.074695</td>\n",
       "      <td>-0.031449</td>\n",
       "      <td>-0.065109</td>\n",
       "      <td>-0.118689</td>\n",
       "      <td>-0.098113</td>\n",
       "      <td>1.000000</td>\n",
       "      <td>0.019833</td>\n",
       "      <td>0.002176</td>\n",
       "      <td>0.012953</td>\n",
       "      <td>0.018522</td>\n",
       "      <td>-0.082971</td>\n",
       "      <td>0.038891</td>\n",
       "    </tr>\n",
       "    <tr>\n",
       "      <th>thalach</th>\n",
       "      <td>-0.404615</td>\n",
       "      <td>-0.038822</td>\n",
       "      <td>0.317051</td>\n",
       "      <td>-0.032537</td>\n",
       "      <td>0.009340</td>\n",
       "      <td>-0.013058</td>\n",
       "      <td>0.019833</td>\n",
       "      <td>1.000000</td>\n",
       "      <td>-0.403342</td>\n",
       "      <td>-0.332174</td>\n",
       "      <td>0.323170</td>\n",
       "      <td>-0.260242</td>\n",
       "      <td>-0.110076</td>\n",
       "    </tr>\n",
       "    <tr>\n",
       "      <th>exang</th>\n",
       "      <td>0.161146</td>\n",
       "      <td>0.151385</td>\n",
       "      <td>-0.390310</td>\n",
       "      <td>0.071371</td>\n",
       "      <td>0.039480</td>\n",
       "      <td>-0.020018</td>\n",
       "      <td>0.002176</td>\n",
       "      <td>-0.403342</td>\n",
       "      <td>1.000000</td>\n",
       "      <td>0.326970</td>\n",
       "      <td>-0.284329</td>\n",
       "      <td>0.110556</td>\n",
       "      <td>0.236343</td>\n",
       "    </tr>\n",
       "    <tr>\n",
       "      <th>oldpeak</th>\n",
       "      <td>0.204483</td>\n",
       "      <td>0.176680</td>\n",
       "      <td>-0.165942</td>\n",
       "      <td>0.103757</td>\n",
       "      <td>0.122876</td>\n",
       "      <td>-0.002365</td>\n",
       "      <td>0.012953</td>\n",
       "      <td>-0.332174</td>\n",
       "      <td>0.326970</td>\n",
       "      <td>1.000000</td>\n",
       "      <td>-0.539355</td>\n",
       "      <td>0.235034</td>\n",
       "      <td>0.255085</td>\n",
       "    </tr>\n",
       "    <tr>\n",
       "      <th>slope</th>\n",
       "      <td>-0.151790</td>\n",
       "      <td>-0.066913</td>\n",
       "      <td>0.124755</td>\n",
       "      <td>-0.033806</td>\n",
       "      <td>0.014369</td>\n",
       "      <td>-0.074125</td>\n",
       "      <td>0.018522</td>\n",
       "      <td>0.323170</td>\n",
       "      <td>-0.284329</td>\n",
       "      <td>-0.539355</td>\n",
       "      <td>1.000000</td>\n",
       "      <td>-0.044287</td>\n",
       "      <td>-0.112275</td>\n",
       "    </tr>\n",
       "    <tr>\n",
       "      <th>ca</th>\n",
       "      <td>0.330450</td>\n",
       "      <td>0.169985</td>\n",
       "      <td>-0.167850</td>\n",
       "      <td>0.058233</td>\n",
       "      <td>0.057201</td>\n",
       "      <td>0.084714</td>\n",
       "      <td>-0.082971</td>\n",
       "      <td>-0.260242</td>\n",
       "      <td>0.110556</td>\n",
       "      <td>0.235034</td>\n",
       "      <td>-0.044287</td>\n",
       "      <td>1.000000</td>\n",
       "      <td>0.098418</td>\n",
       "    </tr>\n",
       "    <tr>\n",
       "      <th>thal</th>\n",
       "      <td>0.081448</td>\n",
       "      <td>0.225652</td>\n",
       "      <td>-0.199712</td>\n",
       "      <td>0.028320</td>\n",
       "      <td>0.060382</td>\n",
       "      <td>-0.042658</td>\n",
       "      <td>0.038891</td>\n",
       "      <td>-0.110076</td>\n",
       "      <td>0.236343</td>\n",
       "      <td>0.255085</td>\n",
       "      <td>-0.112275</td>\n",
       "      <td>0.098418</td>\n",
       "      <td>1.000000</td>\n",
       "    </tr>\n",
       "  </tbody>\n",
       "</table>\n",
       "</div>"
      ],
      "text/plain": [
       "               age       sex        cp  trestbps      chol       fbs  \\\n",
       "age       1.000000 -0.076955 -0.127758  0.288078  0.247557  0.121209   \n",
       "sex      -0.076955  1.000000 -0.057577 -0.110884 -0.212008  0.034951   \n",
       "cp       -0.127758 -0.057577  1.000000  0.025663 -0.072715  0.186225   \n",
       "trestbps  0.288078 -0.110884  0.025663  1.000000  0.146431  0.226035   \n",
       "chol      0.247557 -0.212008 -0.072715  0.146431  1.000000  0.051839   \n",
       "fbs       0.121209  0.034951  0.186225  0.226035  0.051839  1.000000   \n",
       "restecg  -0.165419 -0.074695 -0.031449 -0.065109 -0.118689 -0.098113   \n",
       "thalach  -0.404615 -0.038822  0.317051 -0.032537  0.009340 -0.013058   \n",
       "exang     0.161146  0.151385 -0.390310  0.071371  0.039480 -0.020018   \n",
       "oldpeak   0.204483  0.176680 -0.165942  0.103757  0.122876 -0.002365   \n",
       "slope    -0.151790 -0.066913  0.124755 -0.033806  0.014369 -0.074125   \n",
       "ca        0.330450  0.169985 -0.167850  0.058233  0.057201  0.084714   \n",
       "thal      0.081448  0.225652 -0.199712  0.028320  0.060382 -0.042658   \n",
       "\n",
       "           restecg   thalach     exang   oldpeak     slope        ca      thal  \n",
       "age      -0.165419 -0.404615  0.161146  0.204483 -0.151790  0.330450  0.081448  \n",
       "sex      -0.074695 -0.038822  0.151385  0.176680 -0.066913  0.169985  0.225652  \n",
       "cp       -0.031449  0.317051 -0.390310 -0.165942  0.124755 -0.167850 -0.199712  \n",
       "trestbps -0.065109 -0.032537  0.071371  0.103757 -0.033806  0.058233  0.028320  \n",
       "chol     -0.118689  0.009340  0.039480  0.122876  0.014369  0.057201  0.060382  \n",
       "fbs      -0.098113 -0.013058 -0.020018 -0.002365 -0.074125  0.084714 -0.042658  \n",
       "restecg   1.000000  0.019833  0.002176  0.012953  0.018522 -0.082971  0.038891  \n",
       "thalach   0.019833  1.000000 -0.403342 -0.332174  0.323170 -0.260242 -0.110076  \n",
       "exang     0.002176 -0.403342  1.000000  0.326970 -0.284329  0.110556  0.236343  \n",
       "oldpeak   0.012953 -0.332174  0.326970  1.000000 -0.539355  0.235034  0.255085  \n",
       "slope     0.018522  0.323170 -0.284329 -0.539355  1.000000 -0.044287 -0.112275  \n",
       "ca       -0.082971 -0.260242  0.110556  0.235034 -0.044287  1.000000  0.098418  \n",
       "thal      0.038891 -0.110076  0.236343  0.255085 -0.112275  0.098418  1.000000  "
      ]
     },
     "execution_count": 10,
     "metadata": {},
     "output_type": "execute_result"
    }
   ],
   "source": [
    "## Co-realtion check\n",
    "X_train.corr()"
   ]
  },
  {
   "cell_type": "code",
   "execution_count": 11,
   "id": "324250c6-818e-4442-a6a7-cbe7f2b11ebc",
   "metadata": {},
   "outputs": [
    {
     "data": {
